timestamp,pid,name,user,cpu,memory,threads,io_read_bytes,io_write_bytes,ctx_vol,ctx_invol,create_time
